Sunlight hours results for 21 March 10-18
Results are per mesh face starts from botom le  corner. 
8, 8, 8, 8, 8, 8, 8, 8, 8, 8, 8, 8, 8, 8, 8, 8, 8, 8, 8, 8, 8, 8, 8, 8, 7, 7, 7, 7, 7, 7, 7, 7, 8, 8, 8, 8, 8, 8, 8, 8, 8, 
8, 8, 8, 8, 8, 8, 8, 8, 7, 7, 7, 7, 7, 7, 7, 7, 7, 8, 8, 8, 8, 8, 8, 8, 8, 8, 8, 8, 8, 8, 8, 8, 7, 7, 7, 6, 6, 6, 6, 6, 6, 
6, 6, 8, 8, 8, 8, 8, 8, 8, 8, 8, 8, 8, 8, 8, 8, 8, 8, 8, 8, 7, 6, 6, 6, 6, 6, 6, 6, 6, 6, 6, 6, 6, 6, 6, 6, 6, 6, 8, 8, 8, 
8, 8, 8, 8, 8, 8, 8, 8, 8, 8, 8, 8, 8, 8, 8, 8, 8, 8, 7, 5, 5, 4, 5, 5, 2, 3, 3, 5, 5, 5, 5, 5, 5, 1, 4, 0, 5, 5, 5, 5, 4, 
5, 5, 5, 5, 5, 5, 5, 5, 5, 8, 8, 8, 8, 8, 8, 8, 8, 8, 8, 8, 8, 8, 8, 8, 8, 1, 1, 1, 3, 2, 3, 2, 4, 3, 4, 4, 5, 5, 5, 8, 8, 
8, 8, 8, 8, 8, 8, 8, 8, 8, 8, 2, 3, 3, 4, 4, 4, 8, 8, 8, 8, 8, 8, 8, 8, 8, 8, 8, 8, 1, 2, 3, 3, 4, 4, 8, 8, 8, 8, 8, 8, 8, 
8, 8, 8, 8, 8, 1, 2, 2, 3, 4, 4, 8, 8, 8, 8, 8, 8, 8, 8, 8, 8, 8, 8, 0, 1, 2, 2, 4, 4, 8, 8, 8, 8, 8, 8, 8, 8, 8, 8, 8, 8, 
0, 1, 1, 2, 4, 5, 8, 8, 8, 8, 8, 8, 8, 8, 8, 8, 8, 8, 0, 1, 1, 2, 4, 4, 8, 8, 8, 8, 8, 8, 8, 8, 8, 8, 8, 8, 8, 8, 8, 8, 0, 
0, 0, 0, 0, 0, 1, 1, 4, 4, 8, 8, 8, 8, 8, 8, 8, 8, 8, 8, 8, 8, 0, 0, 1, 1, 4, 4, 8, 8, 8, 8, 8, 8, 8, 8, 8, 8, 8, 8, 0, 0, 
1, 1, 4, 5, 8, 8, 8, 8, 8, 8, 8, 8, 8, 8, 8, 8, 0, 0, 1, 1, 3, 4, 8, 8, 8, 8, 8, 8, 8, 8, 8, 8, 8, 8, 8, 8, 8, 8, 0, 0, 0, 
0, 0, 0, 0, 0, 0, 0, 1, 4, 4, 8, 8, 8, 8, 8, 8, 8, 8, 8, 8, 8, 8, 8, 8, 8, 6, 8, 8, 8, 8, 8, 3, 4, 4, 4, 4, 4, 5, 5, 5, 0, 
0, 0, 0, 0, 0, 0, 0, 0, 0, 0, 0, 0, 0, 0, 0, 0, 0, 0, 0, 0, 0, 0, 0, 0, 0, 0, 0, 0, 0, 1, 3, 4, 8, 8, 8, 8, 8, 8, 8, 8, 8, 
8, 8, 8, 8, 8, 8, 8, 6, 7, 0, 0, 0, 0, 0, 0, 0, 0, 0, 0, 2, 4, 4, 8, 8, 8, 8, 8, 8, 8, 8, 8, 8, 8, 8, 8, 0, 0, 1, 1, 4, 5, 
8, 8, 8, 8, 8, 8, 8, 8, 8, 8, 8, 8, 8, 8, 8, 8, 8, 8, 0, 0, 0, 1, 0, 0, 1, 2, 2, 4, 5, 8, 8, 8, 8, 8, 8, 8, 8, 8, 8, 8, 8, 
8, 8, 8, 8, 8, 8, 8, 8, 5, 8, 8, 7, 8, 8, 8, 8, 8, 8, 8, 8, 8, 8, 8, 8, 8, 8, 8, 8, 8, 8, 8, 8, 8, 8, 3, 2, 2, 0, 1, 3, 3, 
3, 0, 1, 0, 0, 3, 3, 2, 3, 3, 3, 3, 3, 0, 0, 3, 3, 3, 2, 1, 3, 2, 3, 3, 2, 2, 2, 3, 5, 5, 8, 8, 8, 8, 8, 8, 8, 8, 8, 8, 8, 
8, 8, 8, 8, 8, 8, 8, 8, 8, 8, 6, 8, 8, 8, 8, 8, 8, 8, 8, 8, 8, 5, 4, 5, 6, 4, 5, 7, 3, 3, 3, 3, 3, 3, 3, 3, 3, 3, 3, 3, 3, 
3, 3, 3, 3, 3, 3, 3, 3, 3, 3, 3, 3, 3, 3, 3, 3, 3, 5, 5, 8, 8, 8, 8, 8, 8, 8, 8, 8, 8, 8, 8, 8, 8, 8, 8, 8, 6, 7, 5, 5, 4, 
4, 4, 4, 4, 4, 4, 4, 4, 4, 4, 4, 6, 8, 8, 8, 8, 8, 8, 8, 8, 8, 8, 8, 8, 8, 8, 8, 6, 5, 5, 4, 4, 4, 4, 4, 4, 5, 6, 8, 8, 8, 
8, 8, 8, 8, 8, 8, 8, 8, 8, 8, 8, 8, 7, 6, 5, 5, 5, 5, 5, 4, 4, 5, 6, 8, 8, 8, 8, 8, 8, 8, 8, 8, 8, 8, 8, 8, 8, 8, 8, 8, 8, 
8, 8, 8, 8, 8, 8, 8, 8, 8, 8, 8, 8, 8, 8, 8, 8, 8, 8, 8, 8, 8, 8, 8, 8, 8, 8, 8, 8, 8, 8, 7, 8, 8, 8, 8, 8, 8, 8, 8, 8, 8, 
8, 8, 8, 8, 8, 8, 8, 8, 8, 8, 8, 8, 8, 8, 7, 6, 5, 6, 6, 8, 8, 8, 8, 8, 8, 8, 8, 8, 8, 8, 8, 8, 8, 8, 8, 8, 7, 7, 7, 7, 7, 
6, 5, 5, 5, 5, 5, 5, 7, 8, 8, 8, 8, 8, 7, 8, 8, 8, 8, 8, 8, 8, 8, 8, 7, 8, 8, 8, 8, 8, 8, 8, 8, 8, 5, 5, 0, 0, 0, 5, 0, 1, 
0, 0, 0, 0, 0, 0, 0, 0, 0, 0, 0, 0, 0, 0, 0, 0, 0, 0, 0, 8, 0, 0, 0, 8, 8, 8, 8, 8, 8, 8, 0, 0, 8, 8, 8, 8, 0, 0, 0, 8, 8, 
8, 8, 8, 8, 8, 8, 8, 8, 8, 8, 8, 4, 8, 3, 3, 3, 6, 5, 3, 3, 3, 3, 4, 5, 6, 7, 7, 8, 8, 8, 8, 8, 7, 8, 8, 6, 8, 3, 8, 8, 8, 
8, 8, 8, 8, 8, 8, 8, 8, 8, 8, 8, 8, 8, 8, 8, 8, 8, 8, 8, 8, 8, 8, 8, 8, 8, 8, 8, 8, 8, 8, 4, 3, 4, 3, 8, 8, 8, 8, 8, 8, 3, 
0, 0, 0, 0, 0, 0, 0, 0, 0, 0, 0, 0, 0, 3, 3, 3, 3, 3, 0, 0, 3, 0, 0, 0, 1, 3, 0, 0, 3, 0, 0, 8, 8, 8, 8, 8, 8, 0, 0, 0, 0, 
0, 0, 8, 8, 8, 0, 3, 4, 3, 3, 3, 5, 3, 3, 3, 3, 3, 3, 4, 3, 7, 7, 6, 5, 5, 6, 6, 4, 5, 8, 5, 6, 5, 5, 8, 8, 8, 8, 6, 8, 8, 
8, 8, 8, 8, 8, 8, 8, 3